EXHAUSTIVE n<=4 PASS
cases 3450 weighted-height<=2 cases 2172
nontrivial sample rows: n avail wh coneBetti baseBetti fineBetti
(2, (1, 0), 1, (0, 1), (1,), (2,))
(3, (1, 0, 0), 1, (0, 1), (2,), (3,))
(3, (1, 0, 1), 1, (0, 1), (2,), (3,))
(3, (1, 0, 2), 1, (0, 1), (2,), (3,))
(3, (1, 0, 0), 1, (0, 1), (2,), (3,))
(3, (1, 1, 0), 1, (0, 1), (2,), (3,))
(3, (1, 2, 0), 1, (0, 1), (2,), (3,))
(3, (1, 0, 0), 1, (0, 2), (1,), (3,))
(3, (1, 0, 1), 1, (0, 1), (1,), (2,))
(3, (1, 0, 2), 2, (0, 1), (1,), (2,))
(3, (1, 1, 0), 1, (0, 1), (1,), (2,))
(3, (1, 2, 0), 2, (0, 1), (1,), (2,))
all tests passed
